2 494.101
4 270.008
6 214.098
8 197.880
10 121.964
12 132.477
14 151.772
16 123.172
18 140.391
20 132.983
22 122.457
24 124.346
2 494.089
4 280.327
6 178.536
8 181.999
10 182.868
12 127.682
14 152.100
16 122.612
18 137.155
20 134.805
22 117.017
24 124.799
2 492.900
4 268.771
6 201.553
8 192.937
10 154.335
12 138.619
14 146.637
16 147.833
18 144.416
20 144.976
22 128.650
24 115.880
2 494.604
4 273.107
6 187.473
8 188.294
10 141.235
12 164.530
14 161.519
16 112.663
18 136.940
20 142.791
22 120.472
24 141.434
2 494.481
4 280.056
6 187.099
8 198.061
10 151.592
12 131.342
14 158.673
16 114.314
18 146.633
20 143.287
22 125.771
24 234.492
2 493.928
4 270.385
6 190.941
8 192.828
10 147.644
12 123.423
14 158.145
16 131.837
18 116.064
20 143.804
22 133.923
24 130.796
2 495.453
4 274.747
6 207.893
8 155.183
10 147.363
12 130.673
14 149.074
16 130.337
18 139.894
20 140.183
22 119.765
24 153.527
2 490.172
4 280.012
6 178.903
8 200.602
10 134.930
12 132.007
14 155.071
16 150.990
18 147.239
20 131.353
22 126.554
24 175.631
2 493.737
4 274.535
6 193.892
8 204.861
10 147.304
12 113.926
14 164.920
16 156.474
18 135.600
20 133.701
22 130.524
24 130.326
2 494.798
4 275.443
6 199.957
8 185.714
10 148.354
12 184.706
14 155.429
16 131.194
18 124.068
20 154.382
22 120.857
24 130.752
