2 909.099
4 901.763
6 887.658
8 852.162
10 906.729
12 913.944
14 923.281
16 904.367
18 921.295
20 895.316
22 827.657
24 848.600
2 908.624
4 901.881
6 880.679
8 882.453
10 922.467
12 875.115
14 868.153
16 914.552
18 890.997
20 900.843
22 918.946
24 918.780
2 888.678
4 869.834
6 882.577
8 868.423
10 888.302
12 883.844
14 880.850
16 903.381
18 907.788
20 917.080
22 855.454
24 921.441
2 900.091
4 884.159
6 893.577
8 855.154
10 905.536
12 832.198
14 917.645
16 859.369
18 889.113
20 847.842
22 888.144
24 910.558
2 870.159
4 908.623
6 801.727
8 891.847
10 918.695
12 897.828
14 870.199
16 882.926
18 877.228
20 859.194
22 897.770
24 798.132
2 882.328
4 881.075
6 876.810
8 911.758
10 881.787
12 888.310
14 885.520
16 866.767
18 906.541
20 909.625
22 883.268
24 887.323
2 891.484
4 905.974
6 881.050
8 873.381
10 933.384
12 830.891
14 881.564
16 871.048
18 869.244
20 860.490
22 862.320
24 866.173
2 901.468
4 866.090
6 908.064
8 906.700
10 868.871
12 905.450
14 861.931
16 924.534
18 918.898
20 886.821
22 872.384
24 825.218
2 896.397
4 880.724
6 922.327
8 901.537
10 877.499
12 912.482
14 913.678
16 887.180
18 882.747
20 859.855
22 874.537
24 881.503
2 904.991
4 921.893
6 851.640
8 908.500
10 888.607
12 923.910
14 915.367
16 885.950
18 880.592
20 887.470
22 908.205
24 922.618
