2 36.325
4 36.325
6 36.265
8 36.097
10 36.095
12 36.104
14 36.075
16 35.999
18 36.090
20 36.103
22 36.112
24 36.018
2 36.096
4 36.093
6 36.084
8 36.009
10 36.104
12 36.088
14 36.095
16 36.015
18 36.180
20 36.100
22 36.093
24 36.091
2 36.095
4 36.098
6 36.094
8 36.089
10 36.089
12 36.102
14 36.083
16 36.100
18 36.107
20 36.102
22 36.099
24 36.099
2 36.023
4 36.083
6 36.096
8 36.104
10 35.999
12 36.077
14 36.099
16 36.094
18 36.089
20 36.097
22 36.105
24 36.105
2 36.109
4 36.088
6 36.097
8 36.088
10 36.096
12 36.098
14 36.098
16 36.092
18 36.097
20 36.101
22 36.084
24 36.095
2 36.018
4 36.091
6 36.087
8 36.101
10 36.102
12 36.107
14 36.102
16 36.097
18 36.101
20 36.080
22 36.108
24 36.093
2 36.100
4 36.102
6 36.081
8 36.108
10 36.010
12 36.095
14 36.104
16 36.083
18 36.087
20 36.099
22 36.102
24 36.091
2 36.105
4 36.086
6 36.105
8 36.103
10 36.103
12 36.008
14 36.105
16 36.095
18 36.098
20 36.100
22 36.102
24 36.097
2 36.093
4 36.101
6 36.096
8 36.094
10 36.083
12 36.095
14 36.092
16 36.091
18 36.102
20 36.091
22 36.109
24 36.087
2 35.997
4 36.110
6 36.173
8 36.094
10 36.097
12 36.089
14 36.094
16 36.086
18 36.109
20 36.098
22 36.084
24 36.104
