2 606.027
4 314.801
6 213.265
8 203.716
10 226.346
12 208.530
14 215.837
16 193.509
18 171.432
20 168.587
22 206.654
24 189.196
2 602.481
4 327.830
6 210.938
8 215.636
10 193.048
12 200.785
14 203.602
16 194.329
18 194.579
20 168.526
22 171.951
24 214.063
2 600.323
4 317.187
6 236.346
8 219.683
10 176.773
12 217.427
14 213.155
16 178.446
18 193.207
20 185.743
22 184.681
24 214.202
2 617.388
4 307.174
6 234.813
8 210.139
10 188.637
12 181.990
14 206.430
16 197.197
18 158.750
20 173.911
22 202.938
24 190.119
2 615.749
4 323.266
6 221.741
8 220.493
10 186.281
12 177.698
14 206.246
16 197.838
18 193.665
20 194.730
22 229.286
24 348.485
2 609.786
4 307.180
6 213.608
8 191.100
10 179.358
12 200.922
14 205.985
16 203.631
18 191.967
20 209.710
22 163.181
24 212.178
2 615.568
4 325.226
6 225.527
8 219.615
10 175.334
12 199.865
14 180.856
16 197.214
18 171.431
20 169.114
22 170.897
24 190.865
2 610.792
4 323.683
6 233.764
8 213.185
10 190.217
12 199.572
14 216.028
16 194.170
18 191.667
20 186.978
22 195.139
24 237.181
2 594.837
4 316.968
6 229.062
8 215.377
10 180.201
12 206.015
14 210.528
16 213.900
18 168.428
20 195.721
22 201.014
24 197.207
2 621.048
4 319.653
6 225.686
8 216.287
10 198.461
12 171.066
14 216.270
16 164.661
18 192.074
20 189.535
22 203.969
24 186.588
