2 37.382
4 37.374
6 37.363
8 37.357
10 37.363
12 37.359
14 37.352
16 37.349
18 37.355
20 37.357
22 37.353
24 37.357
2 37.350
4 37.350
6 37.352
8 37.347
10 37.356
12 37.354
14 37.355
16 37.357
18 37.360
20 37.347
22 37.361
24 37.360
2 37.354
4 37.353
6 37.359
8 37.357
10 37.352
12 37.359
14 37.357
16 37.361
18 37.359
20 37.346
22 37.363
24 37.358
2 37.350
4 37.340
6 37.356
8 37.354
10 37.365
12 37.361
14 37.369
16 37.361
18 37.366
20 37.350
22 37.363
24 37.359
2 37.268
4 37.359
6 37.352
8 37.352
10 37.259
12 37.352
14 37.357
16 37.347
18 37.355
20 37.354
22 37.355
24 37.351
2 37.352
4 37.266
6 37.362
8 37.357
10 37.342
12 37.364
14 37.354
16 37.358
18 37.347
20 37.356
22 37.351
24 37.359
2 37.258
4 37.355
6 37.354
8 37.353
10 37.357
12 37.352
14 37.360
16 37.348
18 37.359
20 37.356
22 37.355
24 37.344
2 37.351
4 37.269
6 37.346
8 37.350
10 37.355
12 37.350
14 37.356
16 37.360
18 37.345
20 37.357
22 37.368
24 37.351
2 37.363
4 37.345
6 37.362
8 37.352
10 37.259
12 37.353
14 37.359
16 37.349
18 37.266
20 37.452
22 37.344
24 37.355
2 37.365
4 37.359
6 37.438
8 37.346
10 37.354
12 37.361
14 37.362
16 37.349
18 37.354
20 37.352
22 37.358
24 37.348
