2 577.556
4 341.263
6 248.412
8 349.449
10 195.303
12 205.203
14 212.795
16 276.031
18 245.275
20 203.090
22 181.958
24 197.108
2 575.421
4 342.200
6 272.116
8 464.088
10 244.559
12 173.637
14 188.567
16 270.247
18 247.490
20 191.726
22 179.454
24 189.357
2 573.508
4 349.753
6 252.494
8 442.695
10 245.443
12 214.684
14 237.944
16 271.441
18 196.588
20 216.476
22 190.083
24 171.865
2 572.950
4 345.121
6 249.246
8 437.592
10 269.860
12 188.873
14 198.818
16 228.417
18 229.696
20 209.051
22 173.572
24 216.739
2 575.657
4 338.606
6 254.850
8 395.696
10 253.860
12 211.048
14 184.362
16 233.028
18 213.328
20 236.227
22 177.042
24 186.833
2 576.851
4 333.343
6 233.932
8 419.321
10 266.442
12 172.617
14 250.598
16 255.021
18 167.840
20 201.856
22 169.440
24 198.921
2 574.642
4 351.823
6 248.868
8 316.371
10 279.241
12 210.012
14 195.903
16 277.312
18 170.767
20 225.478
22 182.071
24 215.772
2 578.644
4 351.684
6 244.860
8 441.722
10 259.288
12 189.959
14 228.155
16 238.168
18 202.860
20 206.920
22 177.603
24 208.954
2 574.420
4 333.607
6 255.549
8 442.027
10 251.884
12 176.387
14 215.931
16 246.738
18 209.841
20 197.813
22 175.247
24 194.210
2 572.713
4 333.612
6 258.460
8 407.784
10 236.029
12 225.468
14 234.972
16 263.461
18 242.106
20 231.809
22 167.378
24 320.613
