2 582.539
4 314.552
6 227.954
8 202.631
10 252.192
12 323.789
14 373.150
16 428.972
18 448.964
20 520.128
22 564.173
24 626.715
2 571.465
4 313.971
6 241.477
8 221.853
10 243.103
12 325.844
14 370.686
16 433.791
18 481.709
20 525.763
22 574.082
24 628.738
2 575.175
4 305.766
6 241.471
8 215.075
10 239.694
12 328.227
14 378.463
16 428.726
18 461.850
20 510.830
22 546.191
24 595.727
2 584.355
4 309.507
6 236.087
8 216.765
10 219.687
12 308.508
14 282.371
16 418.394
18 462.083
20 505.269
22 564.877
24 600.529
2 572.575
4 313.570
6 241.840
8 207.615
10 219.491
12 319.582
14 383.310
16 424.624
18 456.603
20 503.652
22 572.435
24 597.593
2 583.863
4 313.923
6 239.850
8 225.140
10 245.464
12 335.516
14 324.150
16 403.229
18 477.872
20 512.433
22 551.420
24 624.348
2 581.747
4 315.094
6 240.159
8 215.347
10 247.236
12 337.214
14 374.289
16 395.063
18 446.866
20 512.533
22 562.942
24 592.787
2 543.654
4 316.583
6 231.991
8 219.134
10 232.240
12 341.706
14 384.590
16 430.430
18 460.333
20 533.035
22 533.681
24 619.979
2 580.716
4 304.683
6 240.285
8 206.427
10 233.425
12 316.471
14 391.060
16 448.862
18 462.366
20 497.450
22 563.509
24 865.773
2 579.224
4 318.908
6 234.600
8 201.436
10 245.261
12 325.829
14 384.809
16 362.836
18 480.542
20 508.579
22 574.008
24 670.573
