2 932.812
4 930.561
6 931.717
8 930.974
10 930.896
12 932.203
14 930.855
16 934.647
18 931.900
20 930.512
22 930.144
24 933.665
2 932.872
4 931.761
6 930.388
8 933.227
10 929.994
12 930.576
14 930.830
16 939.756
18 932.026
20 931.166
22 930.575
24 935.298
2 930.297
4 929.848
6 931.206
8 933.009
10 932.060
12 929.809
14 931.621
16 933.321
18 930.525
20 929.786
22 930.654
24 930.003
2 931.386
4 929.970
6 930.213
8 930.031
10 943.360
12 929.653
14 929.531
16 929.989
18 933.610
20 930.638
22 931.353
24 931.358
2 950.587
4 931.026
6 931.245
8 930.921
10 934.947
12 931.926
14 929.719
16 929.434
18 933.407
20 933.457
22 930.336
24 930.049
2 934.145
4 931.423
6 929.038
8 929.787
10 933.945
12 931.392
14 930.160
16 929.940
18 929.581
20 930.673
22 930.877
24 931.457
2 933.530
4 931.345
6 931.774
8 931.585
10 930.569
12 929.644
14 931.196
16 929.031
18 930.021
20 932.441
22 929.856
24 930.839
2 931.165
4 946.219
6 930.443
8 930.897
10 931.400
12 932.825
14 930.369
16 930.161
18 929.253
20 933.620
22 929.629
24 931.434
2 930.401
4 933.119
6 929.463
8 931.971
10 930.067
12 933.466
14 929.395
16 929.720
18 930.649
20 933.132
22 930.686
24 930.064
2 929.903
4 930.013
6 930.118
8 931.026
10 930.608
12 929.661
14 935.324
16 930.590
18 931.093
20 930.194
22 934.562
24 930.540
