2 976.805
4 977.436
6 1012.455
8 976.328
10 976.011
12 978.127
14 977.346
16 1075.738
18 976.417
20 976.515
22 976.802
24 977.541
2 976.413
4 976.592
6 977.926
8 976.998
10 976.815
12 978.661
14 976.510
16 976.305
18 976.386
20 977.381
22 976.469
24 975.450
2 976.324
4 981.837
6 976.727
8 976.741
10 977.256
12 981.451
14 976.664
16 978.390
18 976.752
20 982.823
22 975.936
24 976.959
2 976.760
4 978.957
6 975.912
8 976.250
10 976.130
12 979.105
14 976.533
16 977.561
18 976.942
20 979.309
22 976.308
24 976.747
2 976.481
4 979.058
6 977.396
8 976.809
10 977.189
12 981.077
14 978.290
16 976.817
18 976.625
20 980.127
22 977.624
24 978.485
2 976.875
4 979.620
6 977.354
8 976.614
10 976.750
12 1022.675
14 977.369
16 976.552
18 976.711
20 979.877
22 978.001
24 976.817
2 976.662
4 987.815
6 976.939
8 976.739
10 977.312
12 981.042
14 976.868
16 977.424
18 977.544
20 981.437
22 977.387
24 977.659
2 976.883
4 980.244
6 977.839
8 978.228
10 977.513
12 974.830
14 976.544
16 977.119
18 976.776
20 976.633
22 978.845
24 978.307
2 976.604
4 976.607
6 979.079
8 975.958
10 977.889
12 977.342
14 977.723
16 977.631
18 976.951
20 978.323
22 976.822
24 977.074
2 976.020
4 976.644
6 975.773
8 980.566
10 975.993
12 978.240
14 976.668
16 980.496
18 979.381
20 975.606
22 977.216
24 981.181
