2 599.652
4 334.366
6 277.777
8 267.378
10 272.220
12 271.925
14 390.991
16 436.839
18 489.625
20 546.633
22 522.180
24 574.895
2 593.988
4 343.515
6 276.914
8 265.541
10 269.467
12 283.148
14 377.315
16 395.740
18 459.422
20 525.692
22 525.262
24 605.572
2 585.310
4 334.936
6 256.883
8 265.164
10 280.078
12 281.667
14 374.614
16 426.623
18 458.307
20 529.359
22 546.590
24 595.617
2 602.611
4 341.113
6 274.803
8 237.521
10 272.308
12 315.842
14 373.678
16 435.642
18 476.263
20 490.527
22 573.200
24 587.617
2 571.621
4 344.678
6 275.915
8 249.350
10 271.250
12 334.611
14 381.560
16 430.046
18 441.687
20 514.059
22 568.356
24 655.491
2 590.480
4 341.115
6 267.643
8 246.685
10 275.913
12 341.409
14 379.618
16 418.640
18 477.083
20 527.049
22 570.990
24 616.956
2 584.781
4 329.000
6 281.156
8 260.028
10 273.841
12 337.614
14 374.419
16 415.630
18 458.157
20 491.509
22 527.665
24 581.841
2 590.253
4 313.855
6 276.107
8 271.823
10 261.499
12 318.361
14 398.596
16 418.095
18 468.932
20 526.286
22 560.825
24 604.004
2 599.224
4 347.885
6 267.446
8 262.146
10 273.650
12 319.591
14 395.681
16 413.072
18 469.880
20 510.878
22 557.609
24 623.443
2 568.459
4 340.443
6 268.919
8 260.640
10 272.463
12 345.295
14 389.736
16 431.838
18 469.108
20 534.629
22 564.571
24 586.488
