2 1808.572
4 987.299
6 719.102
8 686.849
10 628.043
12 606.966
14 677.056
16 657.404
18 621.241
20 546.808
22 532.236
24 476.945
2 1799.810
4 991.941
6 729.523
8 661.518
10 606.646
12 651.031
14 694.502
16 704.682
18 612.623
20 552.659
22 508.031
24 506.923
2 1801.730
4 986.893
6 735.406
8 671.485
10 597.645
12 614.328
14 634.730
16 676.891
18 618.281
20 568.569
22 481.076
24 504.693
2 1790.827
4 957.347
6 729.949
8 676.266
10 585.858
12 665.622
14 713.057
16 667.235
18 593.163
20 555.835
22 525.097
24 516.779
2 1792.237
4 988.643
6 737.967
8 711.947
10 576.923
12 691.868
14 680.535
16 690.751
18 594.973
20 543.356
22 501.185
24 450.127
2 1802.130
4 1059.013
6 711.097
8 666.327
10 590.881
12 627.298
14 726.656
16 654.624
18 599.391
20 540.178
22 503.009
24 504.711
2 1808.171
4 968.069
6 738.032
8 691.585
10 658.949
12 652.209
14 696.303
16 689.249
18 627.020
20 566.590
22 507.507
24 488.756
2 1805.018
4 986.005
6 751.460
8 627.591
10 612.523
12 637.009
14 727.203
16 672.798
18 583.827
20 558.241
22 528.416
24 498.894
2 1800.359
4 981.293
6 740.014
8 677.438
10 608.891
12 584.610
14 724.480
16 684.291
18 565.499
20 558.958
22 502.484
24 505.624
2 1792.945
4 991.016
6 712.270
8 689.175
10 579.425
12 610.071
14 665.091
16 677.379
18 628.583
20 551.921
22 475.246
24 504.518
