2 1799.668
4 975.284
6 713.866
8 695.087
10 705.944
12 596.935
14 713.601
16 675.262
18 617.647
20 555.983
22 487.670
24 505.264
2 1803.172
4 994.978
6 723.870
8 664.850
10 592.791
12 654.184
14 697.499
16 699.430
18 555.049
20 557.740
22 514.327
24 506.468
2 1805.124
4 987.231
6 712.336
8 665.003
10 593.541
12 595.869
14 699.380
16 688.157
18 594.434
20 531.783
22 501.248
24 467.080
2 1804.778
4 972.295
6 697.820
8 693.144
10 597.681
12 594.846
14 669.271
16 691.732
18 582.765
20 515.002
22 490.200
24 500.500
2 1842.786
4 984.864
6 727.917
8 610.784
10 558.865
12 667.993
14 670.803
16 618.997
18 562.045
20 531.754
22 576.960
24 551.270
2 1800.889
4 969.774
6 716.486
8 669.384
10 620.574
12 665.943
14 701.622
16 695.619
18 576.560
20 563.694
22 468.304
24 534.220
2 1810.598
4 988.565
6 717.690
8 664.073
10 595.466
12 655.889
14 713.536
16 651.550
18 603.116
20 553.567
22 485.356
24 751.695
2 1800.609
4 988.927
6 724.302
8 678.647
10 581.563
12 714.855
14 647.202
16 631.333
18 547.525
20 525.852
22 496.278
24 490.320
2 1808.799
4 985.161
6 714.335
8 690.079
10 597.076
12 639.924
14 692.195
16 693.973
18 555.309
20 531.423
22 452.095
24 505.531
2 1799.322
4 974.983
6 726.927
8 681.267
10 610.529
12 656.567
14 688.524
16 577.084
18 597.900
20 544.089
22 454.964
24 638.309
2 1811.028
4 971.523
6 680.112
8 567.213
10 514.219
12 650.539
14 604.920
16 457.546
18 501.580
20 480.423
22 400.935
24 405.990
2 1923.044
4 1023.241
6 706.320
8 546.775
10 520.260
12 442.387
14 563.646
16 612.122
18 463.324
20 469.549
22 422.888
24 412.721
2 1939.737
4 1026.903
6 693.818
8 592.100
10 520.014
12 616.314
14 591.389
16 506.440
18 489.134
20 446.818
22 393.029
24 425.368
2 1947.883
4 998.918
6 726.092
8 577.124
10 519.027
12 454.705
14 578.439
16 448.836
18 468.661
20 503.193
22 392.471
24 387.628
2 1963.892
4 1025.276
6 685.247
8 602.666
10 525.154
12 599.298
14 550.029
16 511.775
18 453.120
20 456.067
22 386.263
24 422.959
2 1974.462
4 1049.806
6 693.262
8 588.357
10 503.525
12 448.663
14 573.393
16 493.490
18 492.953
20 478.026
22 419.105
24 383.608
2 1974.554
4 1036.154
6 701.868
8 583.746
10 522.917
12 546.258
14 571.590
16 498.616
18 458.734
20 458.425
22 423.603
24 390.454
2 1956.211
4 1009.585
6 664.763
8 571.461
10 513.809
12 565.028
14 583.686
16 474.235
18 535.290
20 479.989
22 366.415
24 368.228
2 1924.443
4 1019.637
6 716.738
8 571.717
10 596.666
12 611.595
14 573.970
16 449.507
18 451.507
20 484.741
22 418.106
24 403.658
2 1940.984
4 1004.530
6 725.008
8 586.396
10 535.852
12 520.749
14 566.941
16 499.628
18 443.319
20 476.580
22 391.024
24 442.157
