2 2243.870
4 1151.941
6 891.996
8 601.132
10 593.301
12 649.712
14 807.471
16 535.270
18 530.474
20 547.542
22 519.772
24 533.512
2 2281.499
4 1170.990
6 889.175
8 583.864
10 627.854
12 628.816
14 726.936
16 523.804
18 514.877
20 534.250
22 521.052
24 553.444
2 2249.949
4 1176.840
6 874.348
8 590.695
10 572.786
12 627.007
14 712.904
16 523.537
18 546.896
20 515.431
22 537.798
24 697.116
2 2276.037
4 1170.049
6 903.619
8 587.445
10 607.792
12 604.872
14 727.975
16 537.045
18 536.445
20 513.763
22 529.761
24 532.726
2 2263.706
4 1184.297
6 905.156
8 605.011
10 643.030
12 639.717
14 776.646
16 533.678
18 538.006
20 553.779
22 537.534
24 697.243
2 2276.588
4 1172.085
6 889.477
8 589.986
10 595.546
12 579.762
14 738.001
16 521.887
18 529.801
20 525.268
22 536.846
24 536.138
2 2271.060
4 1161.174
6 897.440
8 592.961
10 674.815
12 621.261
14 749.591
16 506.448
18 537.099
20 531.569
22 538.964
24 775.393
2 2257.681
4 1166.668
6 890.617
8 607.366
10 600.409
12 804.335
14 710.524
16 530.783
18 541.411
20 536.293
22 541.073
24 522.336
2 2271.634
4 1165.894
6 873.482
8 632.854
10 650.137
12 607.392
14 685.566
16 525.271
18 528.314
20 531.972
22 539.295
24 599.295
2 2270.348
4 1169.909
6 872.074
8 595.946
10 610.528
12 583.333
14 796.340
16 547.874
18 530.149
20 538.090
22 539.553
24 563.686
