2 2885.280
4 1553.319
6 1236.982
8 797.895
10 724.620
12 796.044
14 920.040
16 624.048
18 589.348
20 577.804
22 662.200
24 630.093
2 2864.105
4 1608.566
6 1248.365
8 803.376
10 813.539
12 788.477
14 907.583
16 601.996
18 619.871
20 632.640
22 621.373
24 626.347
2 2891.025
4 1505.775
6 1219.571
8 760.086
10 803.158
12 800.406
14 900.490
16 617.670
18 618.224
20 613.853
22 594.279
24 642.535
2 2896.808
4 1553.753
6 1231.600
8 819.182
10 807.313
12 784.136
14 952.439
16 607.788
18 590.466
20 606.862
22 578.332
24 639.678
2 2860.446
4 1560.037
6 1265.182
8 721.914
10 876.829
12 766.462
14 968.303
16 634.251
18 648.962
20 633.919
22 650.283
24 653.748
2 2892.400
4 1552.401
6 1273.984
8 812.971
10 837.465
12 983.340
14 965.252
16 585.802
18 625.344
20 634.226
22 639.506
24 627.829
2 2899.047
4 1540.312
6 1227.187
8 841.370
10 776.349
12 832.281
14 906.544
16 597.939
18 626.699
20 593.146
22 592.887
24 581.421
2 2884.108
4 1557.518
6 1247.001
8 798.547
10 824.484
12 836.609
14 895.908
16 629.150
18 610.551
20 622.675
22 610.234
24 609.777
2 2894.146
4 1500.016
6 1234.455
8 724.563
10 839.064
12 894.118
14 837.099
16 638.596
18 617.982
20 629.923
22 617.919
24 654.736
2 2868.720
4 1479.561
6 1236.703
8 762.147
10 812.208
12 898.558
14 939.890
16 582.898
18 624.941
20 621.092
22 599.837
24 579.054
