2 2277.270
4 1349.851
6 906.981
8 824.495
10 717.486
12 649.736
14 769.118
16 671.050
18 697.954
20 619.678
22 559.083
24 574.497
2 2283.667
4 1319.313
6 878.940
8 828.014
10 710.406
12 771.605
14 698.641
16 616.953
18 674.410
20 554.477
22 509.745
24 553.779
2 2275.084
4 1278.926
6 903.550
8 853.008
10 657.431
12 641.180
2 1784.385
4 1170.518
6 831.619
8 683.128
10 590.231
12 529.879
14 635.699
16 508.555
18 527.899
20 446.429
22 452.267
24 505.316
2 1775.936
4 1128.955
6 768.349
8 697.077
10 618.632
12 663.223
14 583.379
16 517.626
18 520.165
20 462.100
22 461.579
24 467.570
2 1742.714
4 1187.638
6 785.160
8 655.476
10 657.046
12 523.277
14 574.393
16 512.791
18 496.502
20 524.118
22 471.684
24 480.797
2 1765.641
4 1142.758
6 839.511
8 636.479
10 613.140
12 512.368
14 643.540
16 492.318
18 461.916
20 448.660
22 440.406
24 682.317
2 1688.762
4 1055.506
6 823.238
8 678.682
10 672.354
12 551.888
14 615.777
16 501.774
18 519.709
20 516.236
22 458.050
24 480.204
2 1720.306
4 1098.819
6 816.477
8 668.860
10 620.268
12 535.756
14 634.636
16 465.380
18 478.880
20 447.683
22 448.961
24 492.320
2 1792.959
4 1098.883
6 764.029
8 691.768
10 651.363
12 653.882
14 588.641
16 496.066
18 530.655
20 452.675
22 442.627
24 494.486
2 1786.677
4 1094.320
6 777.332
8 662.265
10 599.033
12 679.457
14 601.920
16 492.899
18 537.525
20 459.552
22 469.525
24 448.332
2 1718.414
4 1152.868
6 823.829
8 681.724
10 654.533
12 538.477
14 560.822
16 536.358
18 534.211
20 463.413
22 453.347
24 506.911
2 1715.280
4 1079.682
6 781.413
8 691.567
10 604.455
12 527.501
14 688.995
16 506.094
18 545.380
20 459.869
22 467.926
24 445.858
