2 845.526
4 642.362
6 496.738
8 455.306
10 389.592
12 409.032
14 383.299
16 391.022
18 364.099
20 389.389
22 368.792
24 355.157
2 917.506
4 606.804
6 490.810
8 461.284
10 394.025
12 400.394
14 423.147
16 406.395
18 377.247
20 351.241
22 376.876
24 356.933
2 909.867
4 643.909
6 513.519
8 472.233
10 386.642
12 410.230
14 444.615
16 431.514
18 377.543
20 367.754
22 339.814
24 460.950
2 909.854
4 639.701
6 496.458
8 411.585
10 373.168
12 397.940
14 400.643
16 413.366
18 374.433
20 333.540
22 337.034
24 371.492
2 910.704
4 562.425
6 516.385
8 465.527
10 383.957
12 359.257
14 411.887
16 364.911
18 380.689
20 378.747
22 357.919
24 396.747
2 906.965
4 646.180
6 496.298
8 474.327
10 430.871
12 408.203
14 419.095
16 430.172
18 379.421
20 364.140
22 360.569
24 374.264
2 910.534
4 647.698
6 497.272
8 471.423
10 391.535
12 395.156
14 422.814
16 388.635
18 364.003
20 390.205
22 375.973
24 367.555
2 905.465
4 642.488
6 532.372
8 436.211
10 395.418
12 423.640
14 418.509
16 420.672
18 386.858
20 344.993
22 371.551
24 367.228
2 905.039
4 634.269
6 491.592
8 464.281
10 379.981
12 359.412
14 390.728
16 368.296
18 395.041
20 390.417
22 344.580
24 350.022
2 912.191
4 636.555
6 515.260
8 450.411
10 403.316
12 396.111
14 428.575
16 422.476
18 387.785
20 322.726
22 375.532
24 483.813
