2 2262.759
4 2265.787
6 2275.705
8 2288.847
10 2274.750
12 2270.644
14 2320.975
16 2265.912
18 2272.966
20 2277.935
22 2279.593
24 2274.511
2 2276.963
4 2302.547
6 2272.664
8 2267.383
10 2278.779
12 2272.156
14 2279.969
16 2261.249
18 2292.927
20 2268.794
22 2276.775
24 2279.982
2 2282.734
4 2292.301
6 2277.394
8 2287.551
10 2299.326
12 2281.980
14 2255.897
16 2281.921
18 2268.181
20 2312.149
22 2296.742
24 2281.171
2 2286.215
4 2277.171
6 2280.011
8 2283.768
10 2284.067
12 2282.110
14 2283.663
16 2290.377
18 2307.017
20 2332.140
22 2301.395
24 2292.955
2 2309.286
4 2329.737
6 2287.981
8 2279.180
10 2304.523
12 2280.991
14 2269.646
16 2249.382
18 2304.099
20 2290.240
22 2289.735
24 2348.907
2 2275.896
4 2306.668
6 2290.258
8 2260.284
10 2293.326
12 2239.936
14 2320.136
16 2293.866
18 2311.184
20 2284.100
22 2350.680
24 2289.179
2 2318.808
4 2297.473
6 2301.257
8 2282.459
10 2305.301
12 2261.175
14 2291.459
16 2283.941
18 2272.094
20 2269.370
22 2260.921
24 2288.051
2 2283.796
4 2273.325
6 2272.409
8 2307.674
10 2264.011
12 2283.088
14 2292.973
16 2339.671
18 2290.407
20 2276.225
22 2296.586
24 2272.081
2 2301.500
4 2296.633
6 2283.719
8 2290.202
10 2307.564
12 2281.721
14 2277.534
16 2371.396
18 2284.426
20 2288.037
22 2277.414
24 2287.116
2 2334.105
4 2264.416
6 2279.748
8 2275.139
10 2295.646
12 2263.408
14 2322.065
16 2271.481
18 2283.818
20 2289.823
22 2307.165
24 2298.578
