2 1189.791
4 614.038
6 397.170
8 321.309
10 252.868
12 305.936
14 267.295
16 238.798
18 215.775
20 195.815
22 180.601
24 191.467
2 1217.677
4 627.197
6 429.842
8 359.556
10 273.645
12 319.008
14 291.897
16 257.904
18 238.296
20 208.463
22 186.016
24 183.773
2 1221.427
4 632.701
6 432.263
8 306.632
10 307.304
12 220.734
14 280.534
16 247.354
18 217.951
20 207.983
22 183.898
24 177.566
2 1199.388
4 634.042
6 427.431
8 312.042
10 319.427
12 327.451
14 269.756
16 242.318
18 213.640
20 196.313
22 182.429
24 176.355
2 1199.797
4 620.269
6 424.938
8 334.348
10 264.564
12 233.876
14 282.392
16 242.235
18 218.733
20 200.157
22 176.380
24 310.067
2 1202.245
4 617.128
6 424.646
8 330.578
10 284.290
12 270.461
14 278.477
16 252.157
18 212.859
20 199.961
22 196.460
24 183.012
2 1206.122
4 622.690
6 419.989
8 314.617
10 264.280
12 214.984
14 278.104
16 252.379
18 215.845
20 203.719
22 181.809
24 170.667
2 1202.759
4 624.177
6 429.628
8 332.550
10 270.482
12 284.313
14 286.114
16 256.603
18 228.472
20 200.108
22 183.785
24 168.020
2 1189.358
4 617.403
6 430.784
8 332.972
10 307.238
12 210.322
14 292.460
16 258.138
18 231.357
20 203.804
22 190.500
24 180.383
2 1210.372
4 624.473
6 429.695
8 317.704
10 290.567
12 260.333
14 283.674
16 257.458
18 212.977
20 198.930
22 182.328
24 180.391
