2 2301.600
4 2320.684
6 2303.287
8 2313.292
10 2307.316
12 2285.040
14 2302.516
16 2306.075
18 2318.552
20 2297.577
22 2305.699
24 2298.089
2 2304.470
4 2297.153
6 2312.454
8 2311.458
10 2316.282
12 2310.330
14 2304.380
16 2300.883
18 2303.561
20 2301.765
22 2321.402
24 2318.110
2 2315.212
4 2322.093
6 2322.492
8 2305.625
10 2303.352
12 2337.395
14 2319.087
16 2313.765
18 2331.065
20 2319.421
22 2307.447
24 2306.460
2 2300.756
4 2433.706
6 2324.872
8 2318.107
10 2315.942
12 2328.222
14 2303.946
16 2289.870
18 2315.572
20 2306.441
22 2364.061
24 2403.635
2 2343.925
4 2324.870
6 2309.860
8 2291.771
10 2299.787
12 2365.360
14 2323.171
16 2316.357
18 2321.578
20 2320.466
22 2329.206
24 2312.787
2 2333.919
4 2329.469
6 2341.686
8 2351.531
10 2353.682
12 2342.388
14 2356.630
16 2409.669
18 2363.770
20 2351.368
22 2366.020
24 2411.427
2 2349.034
4 2388.301
6 2365.074
8 2348.417
10 2349.877
12 2356.504
14 2343.609
16 2354.616
18 2358.881
20 2329.800
22 2329.991
24 2351.273
2 2316.971
4 2296.776
6 2312.939
8 2299.687
10 2348.836
12 2325.233
14 2305.174
16 2305.059
18 2298.999
20 2294.707
22 2323.648
24 2317.425
2 2321.674
4 2297.748
6 2309.330
8 2320.533
10 2319.054
12 2317.908
14 2294.626
16 2303.628
18 2281.287
20 2342.992
22 2300.835
24 2306.113
2 2313.111
4 2308.727
6 2305.526
8 2313.227
10 2315.400
12 2308.695
14 2310.011
16 2312.783
18 2309.482
20 2294.278
22 2308.759
24 2287.309
