2 3138.477
4 3179.646
6 3070.507
8 2974.494
10 3024.273
12 3121.442
14 3103.155
16 3069.537
18 3110.887
20 3156.353
22 3187.433
24 3156.887
2 3105.399
4 3242.385
6 3315.399
8 3249.713
10 3176.565
12 3295.398
14 3267.417
16 3143.543
18 3139.510
20 3103.050
22 3133.157
24 3173.489
2 3171.095
4 3124.755
6 3135.660
8 3155.227
10 3166.794
12 3052.869
14 3166.428
16 3171.194
18 3158.259
20 3108.731
22 3160.514
24 3101.012
2 3049.662
4 3105.772
6 3019.705
8 3061.430
10 3054.361
12 3082.463
14 2989.146
16 3008.260
18 2991.504
20 3014.900
22 2994.826
24 3017.417
2 3094.517
4 3150.277
6 3123.430
8 3050.898
10 3044.174
12 3003.938
14 3127.162
16 3090.574
18 3068.601
20 3169.961
22 3082.188
24 2990.710
2 3007.467
4 2994.619
6 3017.238
8 2999.367
10 2980.270
12 2996.276
14 3004.983
16 2993.468
18 2986.527
20 3015.811
22 3048.053
24 3088.724
2 3078.312
4 3027.689
6 3071.216
8 3017.662
10 3017.595
12 3042.756
14 3026.017
16 3077.130
18 3024.872
20 3104.015
22 3085.686
24 3055.706
2 3040.272
4 3004.542
6 3055.291
8 3128.480
10 3136.994
12 3046.941
14 3083.147
16 3114.302
18 3189.483
20 3079.263
22 3042.877
24 3121.750
2 3081.011
4 2997.441
6 3134.448
8 3150.845
10 3077.703
12 3049.642
14 3102.401
16 3107.505
18 3047.067
20 3049.928
22 3054.710
24 3120.535
2 3108.549
4 3157.749
6 3037.923
8 3028.197
10 3025.595
12 2984.428
14 2991.191
16 3017.278
18 2991.541
20 2971.939
22 2977.437
24 2973.673
