2 1566.948
4 830.640
6 636.535
8 534.385
10 497.080
12 527.174
14 508.921
16 473.912
18 435.751
20 404.880
22 384.416
24 374.990
2 1565.638
4 835.589
6 611.847
8 541.803
10 486.278
12 501.393
14 527.268
16 484.638
18 445.648
20 428.791
22 386.583
24 380.768
2 1570.544
4 844.419
6 633.928
8 553.594
10 503.995
12 496.234
14 474.168
16 480.940
18 423.668
20 404.204
22 392.085
24 373.877
2 1572.010
4 860.725
6 638.172
8 552.805
10 498.514
12 536.736
14 496.713
16 442.791
18 423.209
20 429.301
22 397.635
24 507.766
2 1636.429
4 846.265
6 628.589
8 546.748
10 512.373
12 473.205
14 515.268
16 481.808
18 418.942
20 405.668
22 396.834
24 409.746
2 1574.877
4 844.384
6 631.762
8 538.399
10 512.406
12 548.288
14 494.518
16 460.165
18 442.101
20 413.317
22 390.536
24 396.941
2 1628.723
4 867.692
6 625.407
8 530.637
10 499.572
12 511.243
14 472.390
16 493.308
18 449.075
20 425.352
22 400.329
24 408.960
2 1591.139
4 845.124
6 622.132
8 534.718
10 509.569
12 476.356
14 523.794
16 505.269
18 441.879
20 418.460
22 397.452
24 389.188
2 1571.927
4 861.505
6 623.483
8 540.664
10 499.600
12 512.631
14 513.861
16 503.304
18 426.812
20 424.837
22 396.250
24 394.151
2 1616.548
4 867.311
6 622.740
8 552.510
10 505.694
12 540.676
14 503.639
16 489.791
18 453.283
20 394.178
22 389.368
24 400.292
