2 61.463
4 61.456
6 61.412
8 61.424
10 61.438
12 61.424
14 61.418
16 61.423
18 61.411
20 61.446
22 61.516
24 61.418
2 61.430
4 61.447
6 61.439
8 61.428
10 61.447
12 61.412
14 61.432
16 61.415
18 61.422
20 61.424
22 61.423
24 61.533
2 61.441
4 61.461
6 61.415
8 61.455
10 61.510
12 61.447
14 61.434
16 61.425
18 61.402
20 61.434
22 61.443
24 61.417
2 61.427
4 61.429
6 61.434
8 61.404
10 61.414
12 61.510
14 61.431
16 61.427
18 61.472
20 61.444
22 61.438
24 61.453
2 61.399
4 61.509
6 61.412
8 61.438
10 61.511
12 61.419
14 61.498
16 61.531
18 61.413
20 61.437
22 61.443
24 61.421
2 61.451
4 61.455
6 61.449
8 61.478
10 61.441
12 61.450
14 61.454
16 61.524
18 61.507
20 61.510
22 61.526
24 61.518
2 61.522
4 61.524
6 61.501
8 61.442
10 61.462
12 61.526
14 61.513
16 61.444
18 61.525
20 61.452
22 61.444
24 61.439
2 61.506
4 61.461
6 61.443
8 61.436
10 61.440
12 61.437
14 61.441
16 61.434
18 61.423
20 61.419
22 61.429
24 61.447
2 61.526
4 61.427
6 61.433
8 61.438
10 61.419
12 61.436
14 61.410
16 61.424
18 61.430
20 61.449
22 61.430
24 61.438
2 61.438
4 61.460
6 61.436
8 61.448
10 61.422
12 61.419
14 61.441
16 61.433
18 61.444
20 61.441
22 61.417
24 61.434
