2 1698.124
4 1139.898
6 988.816
8 943.063
10 900.825
12 873.790
14 795.864
16 730.645
18 689.364
20 635.472
22 592.202
24 616.635
2 1705.450
4 1134.469
6 995.089
8 936.749
10 894.827
12 892.160
14 801.584
16 725.242
18 673.116
20 628.525
22 611.006
24 597.224
2 1733.685
4 1150.822
6 982.679
8 929.992
10 897.390
12 823.059
14 763.421
16 724.568
18 685.582
20 656.613
22 584.568
24 589.488
2 1728.902
4 1127.152
6 1007.536
8 933.345
10 858.885
12 883.056
14 813.878
16 717.366
18 661.520
20 619.259
22 605.448
24 629.538
2 1709.397
4 1126.610
6 987.045
8 926.827
10 886.159
12 836.660
14 801.276
16 719.901
18 662.545
20 624.341
22 598.961
24 618.062
2 1729.320
4 1108.942
6 968.450
8 905.981
10 868.025
12 840.337
14 791.690
16 724.396
18 671.695
20 635.303
22 607.063
24 596.550
2 1681.487
4 1124.758
6 955.046
8 922.267
10 889.071
12 858.506
14 788.279
16 711.831
18 670.578
20 630.123
22 596.549
24 803.197
2 1683.526
4 1090.724
6 968.361
8 912.954
10 881.864
12 867.019
14 775.583
16 713.346
18 648.675
20 635.248
22 590.188
24 630.210
2 1708.716
4 1122.813
6 980.116
8 939.937
10 881.567
12 866.989
14 802.901
16 736.302
18 679.968
20 620.543
22 581.764
24 611.080
2 1701.097
4 1134.444
6 985.280
8 925.935
10 917.228
12 823.584
14 805.787
16 721.275
18 676.077
20 647.636
22 619.583
24 615.325
