2 1471.366
4 871.116
6 741.822
8 696.400
10 647.165
12 628.543
14 602.641
16 544.552
18 497.669
20 463.630
22 438.886
24 616.859
2 1477.986
4 895.790
6 763.477
8 697.710
10 657.778
12 643.714
14 604.451
16 541.776
18 488.584
20 482.278
22 443.953
24 412.706
2 1460.345
4 910.244
6 742.603
8 657.730
10 627.892
12 622.892
14 603.615
16 555.551
18 510.912
20 458.333
22 444.040
24 432.199
2 1465.232
4 886.925
6 753.154
8 683.403
10 649.359
12 648.364
14 601.753
16 532.234
18 494.442
20 463.009
22 430.669
24 424.999
2 1465.402
4 918.163
6 745.217
8 676.546
10 654.701
12 651.802
14 564.296
16 545.999
18 505.557
20 465.718
22 430.571
24 429.300
2 1381.575
4 886.625
6 756.085
8 684.332
10 654.903
12 552.148
14 601.309
16 543.069
18 515.540
20 462.896
22 435.141
24 438.942
2 1466.967
4 904.679
6 740.146
8 669.030
10 660.217
12 619.758
14 521.192
16 563.722
18 505.671
20 463.647
22 446.060
24 434.529
2 1469.181
4 883.537
6 750.292
8 646.613
10 628.695
12 641.756
14 593.146
16 554.566
18 496.439
20 456.370
22 450.784
24 432.508
2 1462.657
4 875.999
6 730.962
8 667.710
10 675.048
12 633.508
14 600.468
16 536.147
18 502.498
20 482.818
22 434.063
24 451.004
2 1469.924
4 910.874
6 741.110
8 677.455
10 653.214
12 632.317
14 608.486
16 556.096
18 487.088
20 462.755
22 444.934
24 575.502
