2 1676.057
4 985.271
6 756.316
8 701.537
10 648.222
12 617.000
14 569.105
16 559.709
18 528.695
20 555.278
22 670.371
24 744.100
2 1682.780
4 975.888
6 783.726
8 705.192
10 667.300
12 632.310
14 602.035
16 562.199
18 511.921
20 537.072
22 684.907
24 778.665
2 1687.529
4 992.416
6 793.117
8 720.678
10 673.921
12 661.015
14 625.305
16 561.404
18 544.978
20 525.543
22 668.805
24 899.660
2 1726.485
4 1003.054
6 748.454
8 704.263
10 669.392
12 653.707
14 601.615
16 567.784
18 530.264
20 534.847
22 666.211
24 762.004
2 1681.452
4 994.564
6 792.412
8 703.910
10 670.080
12 631.389
14 558.084
16 559.279
18 520.124
20 563.225
22 650.540
24 783.636
2 1688.397
4 979.194
6 813.254
8 687.998
10 609.755
12 644.800
14 600.767
16 558.600
18 539.090
20 510.784
22 640.798
24 800.492
2 1698.513
4 989.092
6 774.557
8 696.064
10 667.441
12 621.259
14 611.499
16 557.459
18 533.772
20 547.320
22 691.012
24 776.396
2 1684.535
4 963.667
6 783.014
8 668.824
10 674.924
12 626.339
14 604.263
16 562.719
18 536.485
20 546.084
22 629.648
24 768.773
2 1691.560
4 965.931
6 778.919
8 714.795
10 681.024
12 672.009
14 607.258
16 566.421
18 534.043
20 535.900
22 658.845
24 805.456
2 1704.841
4 1002.096
6 818.921
8 715.687
10 677.575
12 659.209
14 594.491
16 573.631
18 534.815
20 557.257
22 616.516
24 757.881
