2 42.206
4 249.579
6 293.336
8 409.590
10 475.472
12 549.201
14 603.210
16 646.627
18 723.848
20 781.766
22 834.866
24 923.448
2 63.737
4 238.501
6 336.980
8 396.721
10 488.267
12 549.443
14 616.631
16 662.560
18 728.480
20 722.429
22 769.831
24 914.542
2 47.789
4 240.026
6 310.800
8 416.290
10 467.056
12 510.126
14 621.902
16 667.138
18 766.443
20 805.268
22 869.858
24 826.527
2 51.095
4 234.317
6 325.406
8 400.847
10 481.543
12 576.743
14 620.069
16 680.269
18 717.196
20 745.382
22 763.534
24 790.800
2 54.054
4 240.440
6 331.215
8 398.908
10 490.892
12 550.812
14 514.288
16 669.633
18 739.300
20 780.334
22 813.443
24 908.718
2 51.087
4 247.803
6 342.236
8 411.179
10 492.874
12 571.558
14 610.695
16 666.356
18 708.899
20 805.538
22 830.965
24 863.649
2 50.962
4 254.240
6 331.508
8 408.582
10 419.798
12 586.362
14 617.197
16 681.422
18 701.292
20 756.066
22 860.381
24 803.428
2 54.910
4 239.129
6 293.337
8 407.393
10 493.778
12 558.870
14 602.735
16 674.329
18 707.621
20 790.953
22 822.645
24 924.834
2 50.274
4 250.247
6 343.176
8 417.303
10 464.339
12 569.838
14 626.853
16 674.354
18 716.502
20 786.787
22 871.270
24 923.514
2 50.661
4 237.348
6 343.733
8 395.915
10 460.141
12 521.399
14 604.711
16 678.251
18 740.294
20 774.323
22 822.718
24 988.383
