2 1298.173
4 677.853
6 460.908
8 359.437
10 289.572
12 253.696
14 289.419
16 410.211
18 591.897
20 732.562
22 811.521
24 860.442
2 1329.995
4 692.371
6 478.699
8 377.386
10 296.641
12 254.644
14 262.680
16 409.769
18 615.731
20 689.729
22 780.778
24 857.611
2 1292.587
4 697.609
6 445.416
8 372.665
10 304.538
12 281.003
14 258.153
16 432.253
18 617.965
20 726.712
22 795.774
24 919.691
2 1366.838
4 721.396
6 469.113
8 366.184
10 341.676
12 273.990
14 256.456
16 279.104
18 621.914
20 708.289
22 802.892
24 906.738
2 1289.826
4 677.511
6 464.912
8 370.999
10 305.939
12 254.401
14 266.753
16 433.103
18 568.204
20 743.251
22 786.954
24 914.716
2 1348.610
4 716.308
6 462.638
8 364.775
10 306.687
12 268.366
14 263.016
16 374.973
18 590.573
20 718.750
22 805.574
24 931.740
2 1275.586
4 679.676
6 457.018
8 351.516
10 292.925
12 258.746
14 264.328
16 385.883
18 616.013
20 692.354
22 816.646
24 868.372
2 1336.353
4 698.352
6 464.827
8 358.755
10 299.820
12 290.274
14 263.559
16 350.273
18 578.836
20 697.272
22 809.394
24 888.078
2 1313.267
4 692.688
6 463.935
8 369.929
10 304.664
12 276.213
14 262.613
16 293.674
18 585.571
20 707.864
22 760.084
24 948.380
2 1302.041
4 690.671
6 479.593
8 379.004
10 305.740
12 266.190
14 256.871
16 389.693
18 574.908
20 714.052
22 797.240
24 813.461
