2 52.472
4 43.441
6 41.166
8 46.441
10 48.497
12 36.782
14 41.838
16 45.655
18 30.571
20 32.980
22 24.301
24 30.073
2 51.973
4 44.874
6 40.846
8 26.456
10 30.291
12 49.061
14 34.912
16 34.665
18 36.870
20 32.877
22 27.579
24 45.580
2 51.226
4 44.679
6 44.935
8 37.827
10 41.254
12 27.286
14 41.733
16 43.622
18 28.838
20 32.278
22 32.206
24 60.213
2 49.797
4 42.991
6 51.045
8 38.684
10 26.117
12 24.869
14 44.623
16 39.428
18 31.754
20 38.792
22 35.648
24 33.568
2 48.263
4 43.877
6 40.339
8 40.321
10 35.508
12 34.198
14 41.922
16 44.541
18 25.441
20 36.788
22 26.493
24 28.119
2 51.737
4 44.617
6 41.191
8 27.260
10 32.818
12 34.804
14 30.027
16 27.884
18 25.918
20 33.502
22 28.015
24 37.225
2 53.946
4 44.418
6 40.804
8 40.650
10 28.792
12 37.138
14 33.949
16 33.813
18 25.939
20 26.947
22 36.313
24 39.713
2 52.790
4 44.053
6 31.126
8 40.500
10 39.805
12 37.937
14 27.826
16 42.092
18 23.962
20 27.524
22 38.782
24 27.715
2 51.680
4 28.937
6 41.115
8 41.234
10 38.780
12 45.329
14 45.124
16 25.343
18 32.508
20 30.285
22 35.582
24 27.825
2 52.190
4 43.300
6 40.644
8 28.175
10 39.296
12 30.439
14 24.033
16 33.550
18 26.825
20 25.071
22 47.874
24 45.142
