2 972.088
4 507.116
6 351.194
8 277.724
10 285.206
12 199.662
14 246.289
16 234.206
18 194.937
20 177.915
22 162.510
24 157.259
2 968.862
4 514.381
6 351.422
8 272.094
10 246.058
12 205.383
14 234.276
16 212.381
18 193.290
20 166.721
22 167.147
24 225.603
2 961.079
4 521.212
6 349.344
8 283.476
10 225.044
12 283.075
14 251.058
16 214.134
18 207.710
20 184.283
22 166.368
24 183.656
2 960.772
4 498.429
6 356.308
8 275.573
10 229.927
12 185.589
14 239.509
16 219.987
18 202.175
20 175.270
22 154.538
24 148.612
2 959.290
4 509.397
6 350.598
8 273.233
10 319.198
12 199.955
14 238.662
16 219.764
18 184.736
20 175.440
22 153.364
24 145.798
2 973.911
4 511.734
6 350.074
8 268.773
10 222.654
12 282.548
14 229.953
16 209.885
18 183.675
20 169.808
22 178.095
24 166.947
2 967.984
4 510.566
6 347.753
8 276.667
10 224.760
12 197.374
14 248.118
16 206.801
18 187.496
20 163.576
22 159.571
24 165.367
2 957.264
4 500.345
6 348.250
8 274.800
10 219.642
12 270.877
14 236.446
16 212.762
18 184.569
20 180.200
22 175.756
24 158.386
2 962.428
4 502.714
6 352.609
8 273.115
10 247.816
12 203.120
14 239.459
16 209.439
18 184.047
20 167.883
22 171.620
24 162.452
2 963.609
4 501.292
6 331.433
8 257.286
10 220.162
12 281.208
14 250.981
16 203.224
18 197.454
20 177.796
22 171.873
24 167.618
