2 435.263
4 241.411
6 158.690
8 167.971
10 141.181
12 168.081
14 155.429
16 140.680
18 136.208
20 140.365
22 109.538
24 134.686
2 435.733
4 241.677
6 166.192
8 176.923
10 137.076
12 121.681
14 140.746
16 131.948
18 140.810
20 123.755
22 118.686
24 113.518
2 434.473
4 242.694
6 178.617
8 216.891
10 128.441
12 120.652
14 154.212
16 116.644
18 133.092
20 142.824
22 122.109
24 136.644
2 435.016
4 242.264
6 179.018
8 170.122
10 149.461
12 170.565
14 134.665
16 113.104
18 107.182
20 141.519
22 118.073
24 118.204
2 434.837
4 252.194
6 216.631
8 184.555
10 138.214
12 125.043
14 131.908
16 150.098
18 113.614
20 135.093
22 130.068
24 127.566
2 433.798
4 245.454
6 175.785
8 191.535
10 125.264
12 165.551
14 137.290
16 147.693
18 129.544
20 119.380
22 116.363
24 128.208
2 435.771
4 242.325
6 179.377
8 161.557
10 138.933
12 121.974
14 148.058
16 131.172
18 150.213
20 120.833
22 119.140
24 138.250
2 438.226
4 245.952
6 171.934
8 187.824
10 114.293
12 114.458
14 130.394
16 156.155
18 115.332
20 118.341
22 129.231
24 125.924
2 434.669
4 239.496
6 180.150
8 184.282
10 120.277
12 166.060
14 151.464
16 123.063
18 109.370
20 127.323
22 109.975
24 138.830
2 433.822
4 242.734
6 174.736
8 197.085
10 177.516
12 111.427
14 158.218
16 159.281
18 147.321
20 136.937
22 112.301
24 122.295
