2 470.175
4 251.010
6 198.052
8 180.077
10 257.816
12 337.264
14 388.752
16 419.466
18 474.917
20 529.540
22 574.418
24 640.658
2 473.651
4 264.195
6 201.018
8 178.061
10 263.772
12 326.462
14 371.357
16 436.723
18 484.846
20 517.656
22 549.755
24 624.277
2 456.227
4 266.878
6 202.928
8 180.430
10 263.213
12 354.458
14 400.324
16 425.101
18 489.641
20 504.992
22 555.615
24 600.616
2 475.040
4 260.020
6 189.047
8 189.697
10 264.354
12 346.123
14 383.785
16 432.934
18 473.003
20 513.293
22 572.655
24 602.776
2 463.540
4 258.466
6 201.422
8 180.634
10 269.031
12 335.483
14 396.167
16 437.165
18 479.265
20 535.215
22 545.229
24 616.387
2 475.228
4 266.631
6 204.800
8 182.333
10 246.644
12 340.244
14 397.027
16 444.574
18 466.231
20 524.133
22 569.382
24 819.228
2 474.067
4 264.733
6 207.084
8 185.900
10 274.121
12 351.763
14 392.025
16 425.535
18 469.685
20 480.101
22 511.120
24 612.288
2 470.773
4 262.795
6 205.312
8 178.822
10 269.527
12 350.776
14 404.278
16 429.849
18 470.993
20 517.506
22 580.982
24 569.285
2 466.265
4 262.041
6 207.427
8 186.631
10 277.686
12 355.741
14 389.247
16 405.975
18 485.511
20 485.261
22 568.279
24 622.355
2 464.651
4 277.257
6 195.291
8 183.153
10 273.973
12 286.026
14 376.197
16 443.003
18 462.011
20 519.642
22 554.582
24 612.805
