2 487.904
4 307.366
6 241.927
8 433.572
10 216.750
12 190.367
14 166.512
16 183.361
18 220.112
20 190.335
22 140.834
24 157.524
2 483.209
4 307.415
6 234.793
8 404.079
10 212.638
12 145.202
14 189.884
16 230.882
18 193.134
20 204.953
22 140.004
24 156.368
2 481.557
4 310.759
6 207.600
8 422.470
10 248.105
12 141.415
14 167.532
16 168.942
18 209.752
20 165.264
22 141.130
24 322.340
2 478.631
4 273.336
6 234.757
8 356.968
10 238.903
12 146.930
14 174.356
16 179.645
18 197.930
20 217.058
22 164.732
24 192.638
2 480.604
4 301.749
6 235.869
8 343.673
10 206.252
12 177.802
14 161.917
16 213.174
18 183.554
20 195.370
22 190.114
24 128.505
2 480.775
4 307.059
6 231.597
8 412.417
10 220.810
12 178.932
14 197.074
16 227.341
18 129.679
20 163.261
22 139.081
24 179.792
2 483.311
4 287.400
6 211.641
8 326.725
10 231.101
12 195.450
14 181.683
16 134.641
18 220.627
20 159.825
22 135.007
24 154.335
2 520.481
4 300.082
6 233.989
8 393.179
10 235.546
12 158.966
14 175.492
16 167.005
18 140.817
20 172.855
22 161.535
24 166.781
2 481.412
4 274.916
6 233.940
8 300.592
10 230.388
12 141.413
14 147.661
16 140.667
18 140.251
20 170.894
22 153.844
24 370.903
2 474.020
4 275.613
6 230.210
8 422.039
10 230.363
12 171.967
14 151.269
16 198.751
18 216.707
20 167.169
22 150.825
24 157.800
