2 497.615
4 265.548
6 210.328
8 192.578
10 259.218
12 357.279
14 360.659
16 422.628
18 475.696
20 501.046
22 558.384
24 602.170
2 495.027
4 272.571
6 197.410
8 186.628
10 216.306
12 350.013
14 388.441
16 439.593
18 475.203
20 529.651
22 561.220
24 594.153
2 495.719
4 271.665
6 210.316
8 175.219
10 280.825
12 356.285
14 382.139
16 429.259
18 475.167
20 476.842
22 572.636
24 588.757
2 490.956
4 273.366
6 210.711
8 188.275
10 257.064
12 317.392
14 378.828
16 441.796
18 475.526
20 509.111
22 569.110
24 650.643
2 498.204
4 272.777
6 190.817
8 188.265
10 236.363
12 349.629
14 397.030
16 414.438
18 483.691
20 501.143
22 570.983
24 611.207
2 490.359
4 270.928
6 203.777
8 185.172
10 258.649
12 356.732
14 389.327
16 431.569
18 473.568
20 540.050
22 525.260
24 657.550
2 498.743
4 272.971
6 210.874
8 191.413
10 259.528
12 360.962
14 395.229
16 425.975
18 486.026
20 495.973
22 566.715
24 841.476
2 493.957
4 274.164
6 208.425
8 180.904
10 252.547
12 334.751
14 368.575
16 420.019
18 459.961
20 497.404
22 542.628
24 620.150
2 499.817
4 267.620
6 186.615
8 179.036
10 243.827
12 352.190
14 341.467
16 421.762
18 454.300
20 502.618
22 568.628
24 746.824
2 491.970
4 273.027
6 210.313
8 184.488
10 235.355
12 350.571
14 397.550
16 423.492
18 508.913
20 531.055
22 574.660
24 609.205
