2 87.011
4 51.774
6 40.721
8 36.821
10 32.306
12 33.829
14 38.301
16 31.464
18 25.697
20 33.620
22 32.855
24 34.739
2 87.446
4 53.402
6 40.181
8 34.386
10 35.126
12 33.875
14 35.834
16 33.104
18 31.996
20 33.997
22 47.581
24 64.727
2 89.149
4 52.043
6 39.451
8 41.562
10 34.462
12 35.895
14 27.440
16 29.816
18 28.702
20 34.246
22 30.369
24 41.455
2 87.829
4 53.345
6 39.260
8 37.447
10 34.117
12 36.370
14 28.632
16 34.095
18 32.794
20 29.510
22 28.089
24 39.343
2 87.801
4 52.468
6 40.587
8 36.797
10 29.831
12 31.234
14 32.397
16 33.948
18 32.402
20 31.534
22 33.366
24 36.380
2 86.086
4 51.278
6 39.213
8 33.620
10 31.157
12 30.882
14 28.372
16 29.583
18 28.336
20 34.561
22 32.623
24 35.571
2 90.002
4 52.140
6 39.810
8 34.961
10 35.287
12 33.532
14 35.287
16 32.031
18 31.209
20 31.763
22 32.127
24 57.531
2 83.194
4 52.877
6 40.876
8 39.114
10 35.248
12 33.707
14 31.101
16 36.658
18 28.573
20 28.179
22 32.488
24 33.614
2 89.279
4 50.133
6 32.410
8 33.660
10 33.898
12 29.276
14 32.074
16 33.959
18 31.718
20 33.008
22 31.952
24 32.837
2 86.802
4 52.381
6 40.882
8 34.561
10 31.332
12 35.210
14 37.313
16 33.994
18 29.419
20 31.616
22 35.715
24 83.395
