2 441.034
4 236.912
6 150.964
8 116.466
10 92.467
12 85.915
14 73.633
16 64.987
18 54.647
20 54.687
22 57.116
24 47.301
2 437.897
4 226.108
6 156.171
8 117.108
10 100.010
12 78.548
14 70.360
16 69.261
18 54.331
20 51.895
22 57.232
24 53.372
2 434.800
4 225.546
6 156.397
8 147.951
10 97.767
12 85.649
14 70.326
16 68.581
18 63.909
20 58.765
22 50.942
24 64.160
2 435.695
4 223.862
6 156.186
8 110.217
10 91.117
12 85.788
14 70.728
16 65.103
18 53.401
20 50.498
22 50.145
24 46.271
2 436.529
4 226.949
6 155.437
8 121.338
10 93.655
12 76.684
14 71.912
16 70.549
18 56.874
20 53.176
22 61.822
24 45.731
2 439.359
4 224.834
6 155.877
8 115.105
10 100.034
12 86.092
14 74.654
16 67.169
18 58.020
20 49.707
22 46.950
24 50.376
2 439.998
4 225.820
6 156.023
8 120.313
10 93.068
12 77.650
14 73.240
16 65.878
18 55.547
20 51.006
22 49.320
24 44.387
2 436.923
4 224.385
6 152.874
8 118.867
10 96.822
12 84.639
14 71.308
16 69.563
18 52.297
20 55.109
22 51.183
24 70.601
2 436.530
4 217.870
6 150.770
8 120.436
10 98.421
12 82.889
14 69.340
16 64.765
18 55.053
20 51.836
22 46.903
24 47.614
2 435.306
4 220.615
6 155.368
8 114.185
10 100.726
12 83.679
14 69.692
16 69.381
18 53.285
20 51.623
22 51.438
24 47.615
